106810
3799
108431
197065
123136
120597
81297
179139
50209
126363
3656
178843
21863
69943
146536
10575
74922
164454
154016
76422
2922
34203
24017
42943
126226
150558
9412
17532
196794
161587
210089
85753
10467
201908
156902
51013
111524
122690
138584
62327
204820
165946
104297
159009
64435
76543
172442
184538
135809
26840
146653
173662
124279
3836
43173
58207
210519
31661
103951
47019
166478
190453
195711
71229
24892
71445
166271
103324
158609
124756
115366
125462
206622
142968
58754
143489
142416
77420
174255
92164
134721
39819
83628
73023
195936
193627
177358
146094
153037
33779
137428
53938
133625
117016
186930
86000
78437
156177
153921
159857
2784
171583
46137
190551
24989
90125
82852
108329
73935
43658
42748
144879
131018
198641
203196
194714
177877
176732
2721
173878
210208
188675
67453
94899
123758
65254
16306
187389
146473
33481
24054
121569
202296
109955
115946
59784
55525
89117
39989
116251
122992
37479
111170
193699
50451
198859
31234
46839
167656
63518
64063
96376
193428
96514
210383
150023
152508
58697
114763
50034
164128
66675
158480
150922
210832
79373
95524
61157
197157
61452
24750
29219
210052
112750
16548
149567
118784
205527
94931
72048
171267
60968
210602
123209
87387
9286
72193
178999
84234
36389
135210
61070
199077
186850
19581
78916
177322
87171
162875
166403
131545
44895
91381
2687
10174
102353
129765
116480
69495
209896
18351
183842
210015
150297
99614
116545
70927
139378
65291
18228
23284
63898
31830
100903
118196
160298
39582
50294
138810
90535
26517
51495
11333
173134
86379
2852
161946
94304
152634
161056
23811
51586
15262
52470
127993
143593
74407
190516
128624
57311
43084
48674
52748
209825
100412
51392
164982
88582
62230
18596
10105
53694
210418
39294
128532
198932
149268
192341
63465
98644
10944
210452
111558
3212
157532
203755
186821
151125
79520
57730
187778
173532
30412
104927
157465
103909
182703
43450
209980
2959
198304
67137
149012
105397
3413
200024
26277
20960
29126
79932
94652
103777
24784
56806
58664
32287
129496
180225
88930
55956
17497
92484
138280
200879
17762
83978
139277
88891
150856
73179
170728
183329
3765
156527
142648
10139
91063
3315
11643
88302
74146
30610
46416
189926
31698
58291
180129
145363
62685
185442
3692
158007
3066
17837
96694
66228
54525
10541
158037
176588
204345
131982
186360
204903
100836
204382
119095
110051
193462
165315
61882
113780
189301
143859
205333
136232
78494
76038
83037
153433
166546
68717
202990
157722
24400
100870
45884
23908
177709
136371
136407
110580
16801
130726
173032
101212
203788
88772
167030
79250
69152
134154
130257
183916
23979
102698
71988
77019
107503
100748
187651
143699
188114
128310
17311
65666
129250
102122
167993
47276
122640
126045
88996
184317
24820
81678
32037
10429
119361
140225
93932
16764
76643
35431
171742
31343
11713
3282
79786
97930
194648
201972
204083
2886
210347
203461
80954
116578
87510
181613
161374
164095
152411
112666
109883
132531
179760
96726
197126
105724
140515
137992
186422
111040
197189
67590
196562
188202
55049
9694
91919
10211
169473
89996
29547
209580
150751
154325
82731
204582
107804
131150
44529
155613
117982
17139
47241
177947
130392
181416
81857
143664
37937
131446
167559
117173
199399
123172
147726
98461
46934
53165
210311
136995
170761
80122
192468
2818
194258
30648
180386
110274
190925
54763
146824
203161
142088
118962
39548
10246
173828
59867
56267
158755
95440
41391
163502
210275
10504
42366
174818
145777
170694
69660
159893
95092
125254
83803
137762
71165
3247
36486
106214
194867
171985
129797
8659
180920
113646
139808
39093
198148
164721
84564
32731
92352
190872
132015
107438
118820
39513
105857
10043
75526
47111
168847
40027
181156
32100
67046
97474
113474
175444
134587
123515
153796
169886
53901
17388
152145
74976
144590
120737
180853
100510
183954
108668
69089
24436
37206
37677
204049
84116
159769
173628
32253
47315
37635
165853
25025
16689
121044
138181
114406
210130
185069
97663
37242
192042
17725
